42
01 3 02 04 26 0177 0150
02 4 01 03 04 05 0244 0159
03 4 02 06 05 14 0365 0156
04 4 01 02 05 07 0200 0215
05 6 02 03 04 06 07 08 0280 0242
06 3 03 05 08 0342 0254
07 4 04 05 08 09 0173 0269
08 4 05 06 07 09 0243 0309
09 3 07 08 10 0163 0338
10 3 09 11 12 0215 0392
11 4 10 12 13 34 0287 0453
12 3 10 11 13 0169 0476
13 2 11 12 0206 0554
14 3 03 15 16 0487 0170
15 4 14 16 17 20 0536 0213
16 4 14 15 17 18 0458 0250
17 5 15 16 18 19 20 0531 0282
18 4 16 17 19 34 0434 0328
19 6 17 18 20 32 33 34 0535 0334
20 6 15 17 19 21 22 32 0600 0253
21 4 20 22 23 29 0666 0233
22 4 20 21 29 32 0686 0301
23 5 21 24 25 27 29 0709 0206
24 3 23 25 26 0763 0144
25 4 23 24 26 27 0766 0219
26 5 01 24 25 27 28 0832 0148
27 5 23 25 26 28 29 0816 0246
28 2 26 27 0922 0205
29 7 21 22 23 27 30 31 32 0807 0312
30 3 29 31 39 0849 0384
31 3 29 30 32 0767 0395
32 6 19 20 22 29 31 33 0657 0392
33 4 19 32 34 35 0560 0423
34 6 11 18 19 33 35 36 0442 0419
35 5 33 34 36 37 38 0610 0490
36 3 34 35 37 0529 0507
37 3 35 36 38 0554 0572
38 2 35 37 0640 0565
39 3 30 40 41 0908 0440
40 3 39 41 42 0969 0480
41 3 39 40 42 0860 0550
42 2 40 41 0945 0582