42
01 3 02 04 26
02 4 01 03 04 05
03 3 02 06 05 14 
04 4 01 02 05 07
05 6 02 03 04 06 07 08
06 3 03 05 08
07 4 04 05 08 09
08 4 05 06 07 09
09 3 07 08 10
10 3 09 11 12
11 3 10 12 13
12 3 10 11 13
13 2 11 12
14 3 03 15 16
15 4 14 16 17 20
16 4 14 15 17 18
17 5 15 16 18 19 20
18 4 16 17 19 34
19 6 17 18 20 32 33 34
20 6 15 17 19 21 22 32
21 4 20 22 23 29
22 4 20 21 29 32
23 5 21 24 25 27 29
24 3 23 25 26
25 4 23 24 26 27
26 5 01 24 25 27 28
27 5 23 25 26 28 29
28 2 26 27
29 7 21 22 23 27 30 31 32
30 3 29 31 39
31 3 29 30 32
32 6 19 20 22 29 31 33
33 4 19 32 34 35
34 6 11 18 19 33 35 36
35 5 33 34 36 37 38
36 3 34 35 37
37 3 35 36 38
38 2 35 37
39 3 30 40 41
40 3 39 41 42
41 3 39 40 42
42 2 40 41